68
60
66
71
64
69
70
66
70
72
73
68
137
143
198
162
102
49
122
69
62
68
71
68
65
66
67
72
62
228
241
217
247
238
189
142
97
117
64
64
66
70
68
68
61
63
67
241
254
252
148
255
241
191
134
64
115
68
73
69
64
66
70
66
83
82
233
255
255
157
113
212
166
112
29
109
68
69
74
68
65
97
102
92
91
148
122
186
213
146
104
113
54
30
87
68
72
64
71
60
100
102
101
127
114
161
255
226
160
130
135
132
124
115
66
63
69
67
73
154
216
156
169
108
144
255
239
255
212
65
80
128
134
70
66
71
71
74
140
152
162
142
98
139
255
252
217
124
60
49
96
137
67
77
70
68
65
53
101
64
180
177
147
170
255
226
233
57
58
72
140
72
73
74
74
72
60
48
49
238
221
203
173
137
206
121
128
66
54
149
79
75
70
69
251
216
128
126
230
174
255
233
177
110
65
136
82
49
66
73
69
72
67
204
220
127
123
188
255
255
255
224
104
56
134
79
64
36
69
70
76
75
155
51
157
174
255
255
255
95
204
130
46
135
80
81
40
68
72
76
71
61
137
152
73
255
255
255
123
90
96
43
125
77
72
60
72
79
76
77
162
157
137
40
255
255
255
200
76
117
48
105
77
81
67
63
73
62
70
57
120
89
101
128
249
194
233
121
74
27
125
71
81
87
66
78
68
69
62
64
97
104
232
210
99
111
134
135
30
118
81
73
86
71
75
74
69
155
155
82
90
255
239
200
174
221
157
93
111
81
70
81
68
73
81
64
211
126
93
83
255
246
201
163
189
160
100
100
79
61
69
64
62
67
145
123
114
107
255
255
227
189
171
183
177
81
99
82
62
78
77
71
66
63
63
104
90
215
232
225
190
179
193
169
142
80
83
57
66
65
69
71
67
69
66
229
242
224
225
189
157
175
249
204
121
86
59
59
71
67
70
72
65
109
254
250
220
211
160
125
253
254
236
131
81
59
47
65
64
67
61
63
60
252
221
212
204
159
114
149
254
253
146
80
60
62
61
58
62
60
57
57
207
215
198
186
150
111
133
242
199
106
83
64
55
33
34
30
34
32
34
37
33
35
35
35
35
59
65
43
24
28
26
78
34
35
37
37
35
38
36
33
33
32
112
127
105
84
86
38
16
6
72
34
36
39
35
39
38
29
34
33
116
139
133
139
91
83
40
14
6
75
36
39
42
37
36
40
66
87
74
101
127
132
139
73
51
20
9
6
65
35
37
40
37
37
101
111
104
96
29
116
156
73
36
115
9
11
16
48
37
37
33
39
31
101
111
106
56
23
159
124
70
28
132
87
85
77
75
34
39
40
35
41
150
192
31
63
18
138
120
86
197
157
35
41
83
86
38
41
41
40
45
138
148
43
30
10
114
108
253
206
99
25
25
62
88
39
42
40
41
39
41
111
76
35
21
147
35
227
182
170
27
28
36
97
42
43
45
47
40
34
63
40
71
59
53
33
23
155
84
84
31
26
102
41
43
43
43
226
184
29
10
79
77
151
124
50
50
78
91
43
25
33
40
40
43
41
172
190
116
45
122
228
198
160
101
123
67
92
45
33
16
35
41
45
46
116
34
148
108
201
225
186
66
89
159
62
91
44
46
21
39
45
43
44
38
133
146
88
231
191
168
122
73
110
54
83
44
34
30
38
45
43
46
161
149
132
35
203
180
139
120
52
110
62
67
41
45
39
33
40
34
44
34
119
96
117
138
92
33
77
37
83
37
83
37
45
49
35
43
42
40
35
50
106
123
47
52
68
101
71
13
11
76
45
43
50
35
44
40
45
151
144
83
106
140
62
29
21
56
13
8
73
46
35
47
33
42
46
38
184
121
85
94
124
70
36
8
33
14
6
58
43
30
38
32
36
42
137
106
94
72
109
80
47
20
12
38
33
7
51
47
32
43
39
41
37
35
35
85
35
95
49
51
20
45
42
16
103
43
44
30
35
31
36
39
37
35
29
78
93
49
53
23
8
52
221
171
93
46
31
28
37
36
37
39
35
112
102
104
47
41
7
7
233
254
204
103
46
30
23
33
32
36
33
33
29
98
73
50
44
6
8
40
254
220
118
46
30
26
28
30
32
30
30
30
65
68
54
17
3
4
8
225
168
84
47
34
26
65
69
62
71
63
67
66
62
62
64
61
58
15
12
27
22
62
55
144
67
64
68
69
70
68
69
65
63
54
0
0
0
44
48
25
17
13
135
65
69
71
72
67
70
60
57
61
0
1
0
21
43
38
30
19
13
133
67
71
72
67
67
65
36
4
11
0
0
0
23
0
32
18
9
10
120
67
72
68
67
67
11
28
31
14
33
14
50
71
12
34
11
24
31
90
65
74
60
71
62
20
5
21
34
17
17
109
62
25
53
151
147
138
133
65
73
68
67
74
39
114
50
64
14
0
99
60
65
69
64
74
145
152
70
70
72
70
74
28
35
58
45
14
63
103
250
85
35
22
52
105
160
72
74
74
72
66
40
36
27
36
26
61
47
124
126
66
40
55
67
165
75
75
76
76
65
54
13
13
86
60
61
49
20
43
15
148
64
48
179
78
75
76
74
201
159
34
25
94
0
0
35
65
3
36
161
77
52
67
72
70
70
69
145
155
43
15
2
126
0
0
135
59
27
154
78
65
38
66
71
75
73
108
37
35
19
0
116
0
46
3
134
33
153
78
79
44
66
75
68
70
59
12
27
45
115
0
0
62
29
50
26
142
79
71
62
72
77
76
75
29
12
3
10
6
0
0
23
11
59
26
120
76
78
71
65
72
60
72
56
22
23
33
29
20
11
57
13
29
9
139
73
80
86
66
76
67
69
56
29
37
48
50
19
22
39
26
23
15
128
77
75
83
69
77
72
78
19
25
4
21
171
56
32
25
50
29
14
124
78
67
76
68
78
77
61
67
8
0
17
167
70
46
22
41
28
15
96
78
59
70
62
60
69
40
21
0
0
11
75
47
31
32
43
32
16
84
78
62
70
72
71
67
58
57
26
45
40
55
55
24
55
45
23
90
69
80
60
67
63
72
68
68
64
50
6
11
47
56
24
27
56
202
147
91
80
64
60
67
65
69
70
63
31
1
18
36
45
26
26
207
254
161
106
79
57
49
62
64
64
63
61
48
7
0
36
54
26
25
55
254
192
113
78
61
58
60
57
66
57
60
53
0
0
1
25
23
23
20
209
142
81
81
63
54
0
0
0
0
0
0
0
0
0
0
0
0
0
0
0
0
0
0
0
0
0
0
0
0
0
0
0
0
0
0
0
0
0
0
0
0
0
0
0
0
0
0
0
0
0
0
0
0
0
0
0
0
0
0
0
0
0
0
0
0
0
0
0
0
0
0
0
0
0
0
0
0
0
0
0
0
0
0
0
0
0
0
0
0
0
0
0
0
0
0
0
0
0
0
0
0
0
0
0
0
0
0
0
0
0
0
0
0
0
0
0
0
0
0
0
0
0
0
0
0
0
0
0
0
0
0
0
0
0
0
0
0
0
0
0
0
0
0
0
0
0
0
0
0
0
0
0
0
0
0
0
0
0
0
0
0
0
0
0
0
0
0
0
0
0
0
0
0
0
0
0
0
0
0
0
0
0
0
0
0
0
0
0
0
0
0
0
0
0
0
0
0
0
0
0
0
0
0
0
0
0
0
0
0
0
0
0
0
0
0
0
0
0
0
0
0
0
0
0
0
0
0
0
0
0
0
0
0
0
0
0
0
0
0
0
0
0
0
0
0
0
0
0
0
0
0
0
0
0
0
0
0
0
0
0
0
0
0
0
0
0
0
0
0
0
0
0
0
0
0
0
0
0
0
0
0
0
0
0
0
0
0
0
0
0
0
0
0
0
0
0
0
0
0
0
0
0
0
0
0
0
0
0
